11436122
20039896
11955539
17108762
15744028
20103606
21490379
10612852
7849720
7874109
15320968
7906417
11545686
23399955
12417513
10400993
21194675
8968760
19781682
12673797
10817650
10677309
12882767
8845835
24549055
9463314
11746755
8845835
24549055
9443866
19781682
19781682
11996792
12935922
11606401
9463314
18701470
19431188
9443866
19404735
9887333
10330348
12882767
11606401
18573109
8755918
11606401
8659541
9443866
11505391
12442276
12566525
16414944
15840476
11499719
17560888
16335287
15519027
16199542
16566405
9562578
9562578
12707239
17560888
20474083
14981520
10660339
10849016
9103196
20460441
16358218
11704759
8528263
20120035
21209035
16582908
12955716
16793542
11389159
22126563
22505045
21952622
21673748
16875939
15004464
15876480
16644204
9654203
23034506
16998791
16875939
18286383
11179017
17100994
12655567
12845657
15307796
19656164
15519522
11802209
8673091
10644434
8524414
21671020
11241844
12655567
21952622
22682623
22921312
9150154
18693280
10449599
21318380
23108138
12100744
8589730
23233716
15876480
22632462
18607349
18607349
21671020
9150172
18424508
10717622
23704879
12569143
8282798
17548557
15596607
18717728
18403758
2848800
2522679
7585968
12525712
17200671
23935836
22692731
17200671
19264984
21285249
20722467
17200668
18053174
24556926
20412113
21113654
21409391
23935836
19264984
23935836
20921021
12588804
16924464
15235021
11948460
11968083
24204729
17545690
15173255
23197654
18799786
22964162
10521298
12955722
21273304
8275092
7728152
16944272
10726756
22155606
15060124
10712197
10712197
23656349
23913538
10336779
10712197
18041031
9003501
18546366
23047742
18183640
7607663
10712197
8023850
8252036
8968102
15350310
23320992
15235020
7939630
7894491
7894492
9150171
12601471
12827452
9333265
17924331
10406662
9145677
15617999
10480351
12491499
22762150
15533909
7894491
15235020
9760198
10874312
7894491
15235020
7606717
12698193
16949048
7611277
10227398
10951344
7894493
8622478
15340362
8807330
16030099
15951958
12872263
7493024
7837387
15382066
17990525
20858050
22762150
10528853
25337278
8807330
11059339
9150149
17987791
22615956
12601471
9333265
7894493
9805131
7894493
23239986
15235020
20104584
7611277
18327255
20400964
22538716
22538716
22538716
22538716
16116424
16116423
22692731
16116423
17033622
12826609
10864200
23894400
1686725
10435620
1978757
14673037
7706467
8134126
16494995
1591732
1581912
9667734
7966399
10589545
17690113
22331366
9811934
23399955
10874301
23993471
23399955
25164601
19290556
12707239
9241277
20624503
25025039
16437557
15064763
21892769
21326314
14647275
8644725
12707985
10764043
8401542
20022194
12393807
16134147
16774938
12606733
15180946
12853198
19732775
18534194
24470512
11818965
15366000
16140997
12393807
15761860
18422726
18422726
15776426
10802661
17054399
10219239
14760488
7482420
17951290
10699187
20932283
16009769
14514376
17653898
12624141
8872463
10080150
21056691
10422993
18325052
15849733
24728189
21056691
11376800
10573010
9559627
15849733
11153917
19924528
16010685
16010685
16237223
18269114
22949379
10537275
10537275
10537275
22081473
10413423
21056691
8956040
17855640
23255504
21131972
16395668
9311737
8521398
10671064
10480359
8574961
15184898
15342696
8808596
7557107
11524701
10495924
8574961
12095971
9326924
16395668
19419416
16425354
11726306
8880570
11997281
18071069
17060380
7579448
17242276
12707387
7833149
18612690
18199528
1651563
20924072
11247896
1651174
8730280
22395475
18199528
10634400
18199528
23159591
8381579
10094547
18199528
18199528
18199528
18199528
18199528
18199528
18199528
18199528
22416021
18492703
21291453
14574644
17572665
15805161
23600741
12150153
18564920
2236053
2236053
2236053
7683952
16474404
19716085
18752142
19716085
19716085
22184204
20472660
24549055
23376243
16619239
18344398
18367963
17496786
9590180
15185344
16810201
16810201
11179008
10951521
7987387
11687599
12894891
9425228
11058911
17047042
23613520
23613520
11941477
24668667
9099841
8162049
9888385
8800924
7477983
10102421
