19593690
10440612
11145293
21190393
19058054
16448984
17506007
21921516
11214007
22280421
11936860
22462493
10627785
11084537
21959608
24229738
23985001
7518611 
10649784
19656450
23438214
11202053
18393105
7652482 
21455844
17428149
24888384
18609258
24476936
25532429
22500781
11196452
21162657
19051073
20095872
20863150
18274916
19925344
15219044
18855162
20384434
21803945
11589387
7709162 
21985978
21652165
8068351 
9562523 
9007953 
15764155
21810661
17934909
11936861
20491539
19666519
20631719
16847256
20581743

